3.48546937153 -2.12875060988 -0.225283346716 -2.12875060988 2.00742638168 -0.270529343148 -0.225283346716 -0.270529343148 0.75710424679 
0.8524798255 -0.22990177802 1.49698615153 -0.22990177802 1.2407754325 -0.98236523052 1.49698615153 -0.98236523052 4.156744742 
1.92919589259 1.63352659469 0.443167289435 1.63352659469 3.74303273056 1.06465408891 0.443167289435 1.06465408891 0.577771376846 
3.32541765657 -0.0713708216896 -1.97246008791 -0.0713708216896 0.257174685476 0.125518507851 -1.97246008791 0.125518507851 2.66740765795 
1.03758662308 1.27283057018 1.20681888602 1.27283057018 2.48583547166 1.61543956338 1.20681888602 1.61543956338 2.72657790526 
